r, 100,  2023, 12,  3, 14, 30
r, 1002, 2023, 14,  3, 14, 30
r, 1002, 2023, 12, 32, 14, 30

r, 1001, 2023, 12, 9, 17, 30
r, 1005, 2023, 12, 9, 19, 0
r, 1002, 2023, 12, 9, 19, 0
r, 1003, 2023, 12, 9, 19, 0
r, 1004, 2023, 12, 9, 19, 0

r, 1006, 2023, 12, 9, 19, 30
r, 1006, 2023, 12, 9, 18, 30
r, 1006, 2023, 12, 9, 18, 30
r, 1001, 2023, 12, 9, 20, 30
r, 1004, 2023, 12, 9, 20, 0
r, 1002, 2023, 12, 9, 21, 0

r, 1004, 2023, 12, 8, 20, 45
r, 1003, 2023, 12, 8, 19, 45
r, 1006, 2023, 12, 8, 18, 0
r, 1004, 2023, 12, 8, 20, 0
r, 1004, 2023, 12, 8, 20, 15
r, 1003, 2023, 12, 8, 20, 15
r, 1004, 2023, 12, 8, 21, 0
r, 1001, 2023, 12, 8, 20, 30
r, 1001, 2023, 12, 8, 19, 15
r, 1006, 2023, 12, 8, 19, 15
r, 1001, 2023, 12, 8, 19, 0

"Juliet"
"Sayid"
"Jack"
"Kate"
"James"
"Hugo"
